      [2,0,0,0,0,0,0,0,0,2],
      [2,1,1,0,0,0,1,1,0,2],
      [2,1,0,0,0,0,0,1,0,2],
      [2,0,0,0,0,0,0,0,0,2],
      [2,0,0,0,0,0,0,0,0,2],
      [2,0,0,0,0,0,0,0,0,2],
      [2,2,2,2,8,2,2,2,2,2]
    ],
    encounters: ["rattick","breezel"],
    rate: 0.08,
    warps: {
      "4,0": { dest: "route1", col: 4, row: 7 },
      "4,1": { dest: "center", col: 4, row: 6 },  // heal center door (col 4)
      "8,1": { dest: "shop", col: 4, row: 6 },     // shop door (col 8)
      "4,8": { dest: "route2", col: 4, row: 0 }
    },
    signs: {
      "0,1": "Verdantown — The green crossroads.",
      "3,1": "Verdantown Healing Center",
      "7,1": "Verdantown Mart"
    }
  },

  center: {
    name: "Healing Center",
    grid: [
      [6,6,6,6,6,6,6,6,6,6],
      [6,0,0,0,0,0,0,0,0,6],
      [6,0,0,0,0,0,0,0,0,6],
      [6,0,0,0,11,0,0,0,0,6],
      [6,0,0,0,0,0,0,0,0,6],
      [6,0,0,0,0,0,0,0,0,6],
      [6,0,0,0,9,0,0,0,0,6],
      [6,0,0,0,0,0,0,0,0,6],
      [6,6,6,6,6,6,6,6,6,6]
    ],
    encounters: [],
    rate: 0,
    warps: {
      "4,6": { dest: "verdantown", col: 4, row: 2 }
    },
    signs: {},
    healTile: "4,3"
  },

  shop: {
    name: "Verdantown Mart",
    grid: [
      [6,6,6,6,6,6,6,6,6,6],
      [6,0,0,0,12,0,0,0,0,6],
      [6,0,0,0,0,0,0,0,0,6],
      [6,0,0,0,0,0,0,0,0,6],
      [6,0,0,0,0,0,0,0,0,6],
      [6,0,0,0,0,0,0,0,0,6],
      [6,0,0,0,9,0,0,0,0,6],
      [6,0,0,0,0,0,0,0,0,6],
      [6,6,6,6,6,6,6,6,6,6]
    ],
    encounters: [],
    rate: 0,
    warps: {
      "4,6": { dest: "verdantown", col: 8, row: 2 }
    },
    signs: {},
    shopTile: "4,1"
  },

  route2: {
    name: "Route 2",
    grid: [
      [2,2,2,2,8,2,2,2,2,2],
      [2,1,1,0,0,0,1,1,0,2],
      [2,1,0,0,0,0,0,1,0,2],
      [2,0,0,0,3,3,0,0,0,2],
      [2,0,0,0,3,3,0,0,1,2],
      [2,1,0,0,0,0,0,1,1,2],
      [2,1,1,0,0,0,0,0,0,2],
      [2,0,0,0,0,0,0,0,0,2],
      [2,2,2,2,8,2,2,2,2,2]
    ],
    encounters: ["breezel","sparkit","toxipod","frostip","carpox"],
    rate: 0.18,
    warps: {
      "4,0": { dest: "verdantown", col: 4, row: 7 },
      "4,8": { dest: "frostcave", col: 4, row: 0 }
    },
    signs: {
      "0,1": "Route 2 — Beware the cold winds ahead."
    }
  },

  frostcave: {
    name: "Frostpeak Cave",
    grid: [
      [2,2,2,2,8,2,2,2,2,2],
      [2,7,7,7,7,7,7,7,7,2],
      [2,7,6,6,7,7,6,6,7,2],
      [2,7,7,7,7,7,7,7,7,2],
      [2,7,6,7,7,7,7,6,7,2],
      [2,7,7,7,7,7,7,7,7,2],
      [2,7,7,7,7,7,7,7,7,2],
      [2,7,7,7,7,7,7,7,7,2],
      [2,2,2,2,2,2,2,2,2,2]
    ],
    encounters: ["frostip","frostip","pebblix","wispup","digmole"],
    rate: 0.12,
    warps: {
      "4,0": { dest: "route2", col: 4, row: 7 }
    },
    signs: {
      "0,1": "Frostpeak Cave — Where the ice never melts."
    }
  },

  // Gym town (post-route2, accessed via a warp tile we place in frostcave later)
  gymtown: {
    name: "Icicle City",
    grid: [
      [2,2,2,2,8,2,2,2,2,2],
      [2,0,0,0,9,0,0,0,9,2],
      [2,0,0,0,0,0,0,0,0,2],
      [2,7,7,0,0,0,7,7,0,2],
      [2,7,0,0,13,0,0,7,0,2],
      [2,7,0,0,0,0,0,7,0,2],
      [2,7,7,0,0,0,7,7,0,2],
      [2,0,0,0,0,0,0,0,0,2],
      [2,2,2,2,2,2,2,2,2,2]
    ],
    encounters: [],
    rate: 0,
    warps: {
      "4,0": { dest: "frostcave", col: 4, row: 7 },
      "4,1": { dest: "gym", col: 4, row: 6 },
      "8,1": { dest: "gymcenter", col: 4, row: 6 }
    },
    signs: {
      "3,1": "Icicle City Gym — Leader: Frostine",
      "7,1": "Icicle City Healing Center"
    }
  },

  gym: {
    name: "Icicle Gym",
    grid: [
      [6,6,6,6,6,6,6,6,6,6],
      [6,7,7,7,7,7,7,7,7,6],
      [6,7,0,0,0,0,0,0,7,6],
      [6,7,0,13,0,0,13,0,7,6],
      [6,7,0,0,0,0,0,0,7,6],
      [6,7,0,0,0,0,0,0,7,6],
      [6,7,7,7,9,7,7,7,7,6],
      [6,7,7,7,7,7,7,7,7,6],
      [6,6,6,6,6,6,6,6,6,6]
    ],
    encounters: [],
    rate: 0,
    warps: {
      "4,6": { dest: "gymtown", col: 4, row: 2 }
    },
    signs: {},
    gymLeaderTile: "3,3"
  },

  gymcenter: {
    name: "Icicle Healing Center",
    grid: [
      [6,6,6,6,6,6,6,6,6,6],
      [6,0,0,0,0,0,0,0,0,6],
      [6,0,0,0,11,0,0,0,0,6],
      [6,0,0,0,0,0,0,0,0,6],
      [6,0,0,0,0,0,0,0,0,6],
      [6,0,0,0,0,0,0,0,0,6],
      [6,0,0,0,9,0,0,0,0,6],
      [6,0,0,0,0,0,0,0,0,6],
      [6,6,6,6,6,6,6,6,6,6]
    ],
    encounters: [],
    rate: 0,
    warps: {
      "4,6": { dest: "gymtown", col: 8, row: 2 }
    },
    signs: {},
    healTile: "4,2"
  },

  // ============================================================
  //  MEGA EXPANSION — 8 Biome Maps
  // ============================================================

  volcano: {
    name: "Scorching Volcano",
    biome: "volcano",
    grid: [
      [40,40,40,40,40,40,40,40,40,40],
      [40,30,30,30,30,30,30,30,9,40],
      [40,30,30,30,30,30,30,30,30,40],
      [40,30,30,30,30,30,30,30,30,40],
      [40,30,30,30,30,30,30,30,30,40],
      [40,30,30,30,30,30,30,30,30,40],
      [40,30,30,30,30,30,30,30,30,40],
      [40,30,30,30,30,30,30,30,30,40],
